,0_RfR 0,0_RfR 1,0_RfR 2,1_RfR 0,1_RfR 1,1_RfR 2,2_RfR 0,2_RfR 1,2_RfR 2,3_RfR 0,3_RfR 1,3_RfR 2,4_RfR 0,4_RfR 1,4_RfR 2,EWS_DaysToThreat,A.1_DikeIncrease 0,A.1_DikeIncrease 1,A.1_DikeIncrease 2,A.2_DikeIncrease 0,A.2_DikeIncrease 1,A.2_DikeIncrease 2,A.3_DikeIncrease 0,A.3_DikeIncrease 1,A.3_DikeIncrease 2,A.4_DikeIncrease 0,A.4_DikeIncrease 1,A.4_DikeIncrease 2,A.5_DikeIncrease 0,A.5_DikeIncrease 1,A.5_DikeIncrease 2,Evacuation Costs,Total investment costs,Expected Annual Damage other dike rings,Expected Number of Deaths other dike rings,A.3_Expected Annual Damage,A.3_Expected Number of Deaths
0,0,0,0,0,0,0,0,0,0,0,0,0,0,0,0,0,0,0,0,0,0,0,0,0,0,1,0,0,0,0,0,0.0,6320800.309666242,244571786.9710523,0.22264575064734224,93590632.85870892,0.20232723931062713
1,0,0,0,0,0,0,0,0,0,0,0,0,0,0,0,0,0,0,0,0,0,0,2,0,0,1,0,0,0,0,0,0.0,28488618.508469995,244571786.9710523,0.22264575064734224,0.0,0.0
2,0,0,0,0,0,0,0,0,0,0,0,0,0,0,0,0,2,0,0,0,0,0,0,0,0,1,0,0,1,0,0,0.0,68613217.63294205,61329088.44959481,0.07069988867302339,116749869.29672219,0.25329795048931714
3,0,0,0,0,0,0,0,0,0,0,0,0,0,0,0,0,1,0,0,0,0,0,0,0,0,0,0,0,0,0,0,0.0,32694901.094161935,116299086.26776278,0.12218162358185297,116749869.29672219,0.25329795048931714
4,0,0,0,0,0,0,0,0,0,0,0,0,0,0,0,0,0,0,0,0,0,0,0,0,0,0,0,0,0,0,0,0.0,0.0,247240287.456593,0.22416394740235476,93590632.85870892,0.20232723931062713
5,0,0,0,0,0,0,0,0,0,0,0,0,0,0,0,0,0,1,0,0,0,0,0,0,0,0,0,0,0,0,0,0.0,32694901.094161935,159946153.33070615,0.15617573152202024,109030123.81738444,0.23630771342975382
6,0,0,0,0,0,0,0,0,0,0,0,0,0,0,0,0,2,0,0,0,0,0,0,0,0,0,0,0,1,0,0,0.0,62292417.323275805,67080664.75840974,0.07410103661427686,116749869.29672219,0.25329795048931714
7,0,0,0,0,0,0,0,0,0,0,0,0,0,0,0,0,2,0,0,0,0,0,0,0,0,0,0,0,0,0,0,0.0,37255203.23710208,88134120.22681844,0.09728186308887114,116749869.29672219,0.25329795048931714
8,0,0,0,0,0,0,0,0,0,0,0,0,0,0,0,0,2,0,0,4,0,0,0,0,0,1,0,0,1,0,0,0.0,121971791.23315294,0.0,0.0,118089186.47363785,0.2586083221474885
9,0,0,0,0,0,0,0,0,0,0,0,0,0,0,0,0,0,0,0,0,0,0,2,0,0,0,0,0,0,0,0,0.0,22167818.198803753,247240287.456593,0.22416394740235476,0.0,0.0
10,0,0,0,0,0,0,0,0,0,0,0,0,0,0,0,0,1,0,0,0,0,0,1,0,0,0,0,0,0,0,0,0.0,52994188.72148262,116299086.26776278,0.12218162358185297,37225283.74024057,0.08172086333657758
11,0,0,0,0,0,0,0,0,0,0,0,0,0,0,0,0,0,0,1,0,0,0,0,0,0,0,0,0,0,0,0,0.0,32694901.094161935,203593220.3936496,0.19016983946218752,101310378.33804667,0.21931747637019047
12,0,0,0,0,0,0,0,0,0,0,0,0,0,0,0,0,0,0,1,0,0,0,0,0,0,1,0,0,0,0,0,0.0,39015701.403828174,199897027.96701744,0.1880239923117613,101310378.33804667,0.21931747637019047
13,0,0,0,0,0,0,0,0,0,0,0,0,0,0,0,2,2,0,0,4,0,0,4,0,0,6,0,0,5,0,0,0.0,166280290.218692,0.0,0.0,0.0,0.0
14,0,0,0,0,0,0,0,0,0,0,0,0,0,0,0,1,0,3,0,0,0,0,0,0,0,0,0,0,0,0,0,5995.662061828224,42291505.65437629,141169509.30340996,0.05024732082961166,109030123.81738444,0.08507077683471137
15,0,0,0,0,0,0,0,0,0,0,0,0,0,0,0,0,2,0,0,0,0,0,1,0,0,0,0,0,1,0,0,0.0,82591704.9505965,67080664.75840974,0.07410103661427686,37225283.74024057,0.08172086333657758
16,0,0,0,0,0,0,0,0,0,0,0,0,0,0,0,0,2,0,0,0,0,0,1,0,0,0,0,0,0,0,0,0.0,57554490.86442277,88134120.22681844,0.09728186308887114,37225283.74024057,0.08172086333657758
17,0,0,0,0,0,0,0,0,0,0,0,0,0,0,0,0,0,0,0,1,0,0,0,0,0,0,0,0,0,0,0,0.0,38245121.951764055,206015909.33772805,0.17757397133621036,93590632.85870892,0.20232723931062713
18,0,0,0,0,0,0,0,0,0,0,0,0,0,0,0,0,0,0,0,0,0,0,1,0,0,0,0,0,0,0,0,0.0,20299287.62732069,247240287.456593,0.22416394740235476,14066047.302227288,0.030750152157887505
19,0,0,0,0,0,0,0,0,0,0,0,0,0,0,0,0,0,1,0,0,0,0,1,0,0,0,0,0,0,0,0,0.0,52994188.72148262,159946153.33070615,0.15617573152202024,29505538.260902807,0.06473062627701423
20,0,0,0,0,0,0,0,0,0,0,0,0,0,0,0,0,1,0,0,0,0,0,2,0,0,0,0,0,0,0,0,0.0,54862719.29296569,116299086.26776278,0.12218162358185297,0.0,0.0
21,0,0,0,0,0,0,0,0,0,0,0,0,0,0,0,0,2,0,0,2,0,0,1,0,0,0,0,0,2,0,0,0.0,127951136.50357582,31595959.1517022,0.029586851677107846,56909161.31242566,0.12654324543181394
22,0,0,0,0,0,0,0,0,0,0,0,0,0,0,0,0,0,0,0,0,0,0,1,0,0,1,0,0,0,0,0,0.0,26620087.93698693,244571786.9710523,0.22264575064734224,14066047.302227288,0.030750152157887505
23,0,0,0,0,0,0,0,0,0,0,0,0,0,0,0,0,0,1,0,0,0,0,0,0,0,1,0,0,0,0,0,0.0,39015701.403828174,155222268.96298262,0.1534022339761804,109030123.81738444,0.23630771342975382
24,0,0,0,0,0,0,0,0,1,0,0,0,0,0,0,0,0,0,0,0,0,0,1,0,0,0,0,0,0,0,0,0.0,50999287.62732069,215345213.36983538,0.18665205084328218,0.0,0.0
25,0,0,0,0,0,0,0,0,0,0,0,0,0,0,0,0,2,0,0,0,0,0,0,0,0,1,0,0,0,0,0,0.0,43576003.54676832,82382543.91800351,0.09388071514761767,116749869.29672219,0.25329795048931714
26,0,0,0,0,0,0,0,0,0,0,0,0,0,0,0,0,2,0,0,3,0,0,3,0,0,3,0,0,3,0,0,0.0,148100868.99055162,7738394.018296385,0.009390106584587226,14637214.934292817,0.033014822885377625
27,0,0,0,0,0,0,0,0,0,0,0,0,0,0,0,0,2,0,0,1,0,0,0,0,0,0,0,0,1,0,0,0.0,100537539.27503987,35416366.150878675,0.038351337173108985,117518018.84157234,0.2563436514199984
28,0,0,0,0,0,0,0,0,0,0,0,0,0,0,0,0,0,0,0,2,0,0,0,0,0,1,0,0,0,0,0,0.0,49139215.98116404,195982483.7249328,0.167515970152067,93590632.85870892,0.20232723931062713
29,0,0,0,0,0,0,0,0,0,0,0,0,0,0,0,0,2,0,0,3,0,0,1,0,0,0,0,0,2,0,0,0.0,132975420.39517812,21606477.290352963,0.017768925366885784,56909161.31242566,0.12654324543181394
30,0,0,0,0,0,0,0,0,0,0,0,0,0,0,0,0,2,0,0,3,0,0,3,0,0,0,0,0,3,0,0,0.0,139647461.29394355,24194837.490209892,0.019740755085089625,14637214.934292817,0.033014822885377625
31,0,0,0,0,0,0,0,0,0,0,0,0,0,0,0,0,2,0,0,1,0,0,3,0,0,2,0,0,2,0,0,0.0,134608667.82740456,29664789.842063747,0.034950189231855514,0.0,0.0
32,0,0,0,0,0,0,0,0,0,0,0,0,0,0,0,0,2,0,0,4,0,0,0,0,0,1,0,0,0,0,0,0.0,96934577.14697921,21053455.468408704,0.023180826474594268,118089186.47363785,0.2586083221474885
33,0,0,0,0,0,0,0,0,0,0,0,0,0,0,0,0,2,0,0,3,0,0,2,0,0,2,0,0,3,0,0,0.0,144949327.2609077,10048888.381847173,0.01099973170722691,33749924.87441238,0.07557253425312387
34,0,0,0,0,0,0,1,1,0,0,0,0,0,0,0,0,2,0,0,0,0,0,0,0,0,1,0,0,2,0,0,0.0,132554233.51442356,31674869.65981772,0.03503470131417763,18412420.51047058,0.03978107473243558
35,0,0,0,0,0,0,0,0,0,0,0,0,0,0,0,0,2,0,0,0,0,0,2,0,0,0,0,0,1,0,0,0.0,84460235.52207956,67080664.75840974,0.07410103661427686,0.0,0.0
36,0,0,0,0,0,0,0,0,1,0,0,0,0,0,0,0,2,0,0,0,0,0,0,0,0,0,0,0,2,0,0,0.0,95533433.20475732,50149782.191952236,0.050314149141011025,45663926.82712058,0.09942863144549847
37,0,0,0,0,0,0,0,0,0,0,0,0,0,0,0,0,2,0,0,0,0,0,2,0,0,1,0,0,0,0,0,0.0,65743821.745572075,82382543.91800351,0.09388071514761767,0.0,0.0
38,0,0,0,0,0,0,0,0,1,0,0,0,0,0,0,0,0,0,0,0,0,0,0,0,0,1,0,0,0,0,0,0.0,37020800.309666246,210384853.64317068,0.18383535339128737,4172696.9410426356,0.008995737578850273
39,0,0,0,0,0,0,0,0,0,0,0,0,0,0,0,0,2,0,0,1,0,0,0,0,0,0,0,0,0,0,0,0.0,75500325.18886614,56469821.61928737,0.061532163647703246,117518018.84157234,0.2563436514199984
40,0,0,0,0,0,0,0,0,0,0,0,0,0,0,0,0,2,0,0,1,0,0,0,0,0,1,0,0,0,0,0,0.0,81821125.49853238,50718245.31047244,0.058131015706449775,117518018.84157234,0.2563436514199984
41,0,0,0,0,0,0,0,0,0,0,0,0,0,0,0,0,2,0,0,0,0,0,2,0,0,1,0,0,1,0,0,0.0,90781035.8317458,61329088.44959481,0.07069988867302339,0.0,0.0
42,0,0,0,0,0,0,0,0,0,0,0,0,0,0,0,0,2,0,0,0,0,0,2,0,0,0,0,0,0,0,0,0.0,59423021.43590583,88134120.22681844,0.09728186308887114,0.0,0.0
43,0,0,0,0,0,0,0,0,0,0,0,0,0,0,0,0,2,0,0,0,1,0,0,0,0,0,0,0,1,0,0,0.0,100537539.27503985,45971132.353389025,0.05026790365349827,117261968.99328896,0.255328417776438
44,0,0,0,0,0,0,0,0,0,0,0,0,0,0,0,0,2,0,0,3,0,0,1,0,0,1,0,0,2,0,0,0.0,139296220.70484436,10508912.27486888,0.011205960845947206,56909161.31242566,0.12654324543181394
45,0,0,0,0,0,0,0,0,1,0,0,0,0,0,0,0,0,0,0,0,0,0,0,0,0,0,0,0,0,0,0,0.0,30700000.0,215345213.36983538,0.18665205084328218,4172696.9410426356,0.008995737578850273
46,0,0,0,0,0,0,0,0,0,0,0,0,0,0,0,0,0,0,1,0,0,0,1,0,0,0,0,0,0,0,0,0.0,52994188.72148262,203593220.3936496,0.19016983946218752,21785792.781565048,0.047740389217450864
47,0,0,0,0,0,0,0,0,0,0,0,0,0,0,0,0,2,0,0,3,0,0,0,0,0,0,0,0,0,0,0,0.0,85097902.80020219,34543425.795520015,0.03597208100043496,118089186.47363785,0.2586083221474885
48,0,0,0,0,0,0,0,0,0,0,0,0,0,0,0,0,2,0,0,0,3,0,0,0,0,1,0,0,1,0,0,0.0,116455917.19604215,25601958.828729197,0.02982670061406595,117642747.41466597,0.2568381982614314
49,0,0,0,0,0,0,0,0,0,0,0,0,0,0,0,0,2,0,0,0,0,0,1,0,0,1,0,0,1,0,0,0.0,88912505.26026274,61329088.44959481,0.07069988867302339,37225283.74024057,0.08172086333657758
50,0,0,0,0,0,0,0,0,0,0,0,0,0,0,0,0,2,0,0,3,0,0,0,0,0,0,0,0,1,0,0,0.0,110135116.88637592,13489970.327111313,0.0127912545258407,118089186.47363785,0.2586083221474885
51,0,0,0,0,0,0,0,0,0,0,0,0,0,0,0,0,0,3,0,0,0,0,0,0,0,1,0,0,0,0,0,0.0,48612305.96404253,136445624.93568644,0.13680239364752586,109030123.81738444,0.23630771342975382
52,0,0,0,0,0,0,0,0,0,0,0,0,0,0,0,0,2,0,0,0,0,0,1,0,0,1,0,0,0,0,0,0.0,63875291.174089015,82382543.91800351,0.09388071514761767,37225283.74024057,0.08172086333657758
53,0,0,0,0,0,0,1,0,0,0,0,0,0,0,0,0,2,0,0,0,0,0,1,0,0,0,0,0,2,0,0,0.0,115832720.83207801,50149782.191952236,0.050314149141011025,18762565.225295074,0.04116939305009091
54,0,0,0,0,0,0,0,0,0,0,0,0,0,0,0,0,2,0,0,1,0,0,0,0,0,1,0,0,1,0,0,0.0,106858339.58470611,29664789.842063747,0.034950189231855514,117518018.84157234,0.2563436514199984
55,0,0,0,0,0,0,0,0,0,0,0,0,0,0,0,0,2,0,0,1,0,0,3,0,0,1,0,0,2,0,0,0.0,133597387.91754901,32435308.09863624,0.03676604349321549,0.0,0.0
56,0,0,0,0,0,0,0,0,0,0,0,0,0,0,0,0,2,0,0,2,0,0,0,0,0,0,0,0,0,0,0,0.0,80073618.90859988,44532907.65686925,0.047790007310657016,118089186.47363785,0.2586083221474885
57,0,0,0,0,0,0,0,0,0,0,0,0,0,0,0,0,2,0,0,2,0,0,3,0,0,3,0,0,3,0,0,0.0,143076585.0989493,17727875.87964562,0.021208032894809284,14637214.934292817,0.033014822885377625
58,0,0,0,0,0,0,0,0,0,0,0,0,0,0,0,0,2,0,0,2,0,0,2,0,0,3,0,0,3,0,0,0.0,141046370.84639168,17727875.87964562,0.021208032894809284,33749924.87441238,0.07557253425312387
59,0,0,0,0,0,0,0,0,0,0,0,0,0,0,0,0,2,0,0,1,0,0,0,3,0,1,0,0,2,0,0,0.0,133597387.91754901,31511802.013112076,0.03616075873942883,39172672.947190784,0.08544788380666613
60,0,0,0,0,0,0,0,0,0,0,0,0,0,0,0,0,2,0,0,2,0,0,1,0,0,1,0,0,2,0,0,0.0,134271936.81324208,20498394.136218112,0.02302388715616926,56909161.31242566,0.12654324543181394
61,0,0,0,0,0,0,0,1,0,0,0,0,0,0,0,0,2,0,0,0,0,0,0,0,0,2,0,0,2,0,0,0.0,102865513.4242791,36418015.32380872,0.042082666510694255,45663926.82712058,0.09942863144549847
62,0,0,0,0,0,0,0,0,0,0,0,0,0,0,0,0,2,0,0,4,0,0,3,0,0,0,0,0,3,0,0,0.0,145163335.33105433,16456443.471913505,0.0103506485005024,14637214.934292817,0.033014822885377625
63,0,0,0,0,0,0,0,0,0,0,0,0,0,0,0,0,2,0,0,3,0,0,2,0,0,0,0,0,3,0,0,0.0,137617247.04138592,24017059.623985406,0.019548605747481282,33749924.87441238,0.07557253425312387
64,0,0,0,0,0,0,0,0,0,0,0,0,0,0,0,0,2,0,0,2,0,0,4,0,0,3,0,0,3,0,0,0.0,145281932.18989435,17727875.87964562,0.021208032894809284,0.0,0.0
65,0,0,0,0,0,0,0,0,0,0,0,0,0,0,0,0,2,0,0,3,0,0,0,0,1,0,0,0,2,0,0,0.0,132975420.39517812,16195472.648191866,0.014450478139522395,97695844.75323379,0.21458662990893032
66,0,0,0,0,0,0,0,1,0,0,0,0,0,0,0,0,2,0,0,0,0,0,2,0,0,1,0,0,2,0,0,0.0,124022051.71322732,39188533.58038122,0.04389852077205424,0.0,0.0
67,0,0,0,0,0,0,0,0,0,0,0,0,0,0,0,0,2,0,0,1,0,0,2,0,0,1,0,0,2,0,0,0.0,131567173.66499138,32435308.09863624,0.03676604349321549,19112709.940119565,0.04255771136774624
68,0,0,0,0,0,0,0,0,0,0,0,0,0,0,0,0,2,0,0,1,0,0,1,0,0,1,0,0,2,0,0,0.0,129698643.09350832,32435308.09863624,0.03676604349321549,56337993.68036014,0.12427857470432382
69,0,0,0,0,0,0,0,0,0,0,0,0,0,0,0,0,2,0,0,0,4,0,0,0,0,1,0,0,0,0,0,0.0,96934577.14697921,41496484.951606974,0.04674745603226873,117642747.41466597,0.2568381982614314
70,0,0,0,0,0,0,0,0,0,0,0,0,0,0,0,0,2,0,0,0,4,0,0,0,0,0,0,0,0,0,0,0.0,90613776.83731297,47248061.2604219,0.0501486039735222,117642747.41466597,0.2568381982614314
71,0,0,0,0,0,0,0,0,0,0,0,0,0,0,0,0,2,0,0,4,0,0,1,0,0,0,0,0,2,0,0,0.0,138491294.4322889,13868083.272056583,0.008378818782298557,56909161.31242566,0.12654324543181394
72,0,0,0,0,0,0,0,0,0,0,0,0,0,0,0,0,2,0,0,4,0,0,2,0,0,0,0,0,3,0,0,0.0,143133121.0784967,16278665.605689019,0.010158499162894056,33749924.87441238,0.07557253425312387
73,0,0,0,0,0,0,0,0,1,0,0,0,0,0,0,0,2,0,0,0,0,0,1,0,0,2,0,0,2,0,0,0.0,123164801.05159979,36418015.32380872,0.042082666510694255,18762565.225295074,0.04116939305009091
74,0,0,0,0,0,0,0,0,0,0,0,0,0,0,0,0,2,0,0,4,0,0,3,0,0,3,0,0,3,0,0,0.0,153616743.0276624,0.0,0.0,14637214.934292817,0.033014822885377625
75,0,0,0,0,0,0,0,0,0,0,0,0,0,0,0,0,2,0,0,4,0,0,0,0,0,0,0,0,0,0,0,0.0,90613776.83731297,26805031.77722363,0.02658197441584774,118089186.47363785,0.2586083221474885
76,0,0,0,0,0,0,0,0,0,0,0,0,0,0,0,0,2,0,0,2,0,0,3,0,0,2,0,0,3,0,0,0.0,141955257.62186304,20038370.243196405,0.022817658017448967,14637214.934292817,0.033014822885377625
77,0,0,0,0,0,0,0,0,0,0,0,0,0,0,0,0,2,0,0,4,0,0,4,0,0,0,0,0,3,0,0,0.0,147368682.4219994,16602286.373112967,0.0105082812669176,0.0,0.0
78,0,0,0,0,0,0,0,0,0,0,0,0,0,0,0,0,2,0,0,3,0,0,2,0,0,1,0,0,3,0,0,0.0,143938047.35105217,16122911.29851532,0.014936785345587074,33749924.87441238,0.07557253425312387
79,0,0,0,0,0,0,0,0,0,0,0,0,0,0,0,0,2,0,0,3,0,0,2,0,0,3,0,0,3,0,0,0.0,146070654.737994,7738394.018296385,0.009390106584587226,33749924.87441238,0.07557253425312387
80,0,0,0,0,0,0,0,0,0,0,0,0,0,0,0,1,0,0,2,0,0,0,0,0,0,0,0,0,0,0,0,5871.759717655374,37255203.23710208,194204898.38000146,0.06547317094722968,101310378.33804667,0.07895429149326857
81,0,0,0,0,0,0,0,0,0,0,0,0,0,0,0,0,2,0,0,3,0,0,0,0,1,0,0,0,1,0,0,0.0,130434404.51369661,22835123.102905102,0.021854529234552052,97695844.75323379,0.21458662990893032
82,0,0,0,0,0,0,0,0,0,0,0,0,0,0,0,0,2,0,0,3,0,0,1,0,0,2,0,0,2,0,0,0.0,140307500.6146999,7738394.018296385,0.009390106584587226,56909161.31242566,0.12654324543181394
83,0,0,0,0,0,0,0,0,0,0,0,0,0,0,0,1,0,0,3,0,0,0,0,0,0,1,0,0,0,0,0,5710.638834731826,48612305.96404253,190508705.95336935,0.06470066597307626,101310378.33804667,0.07895429149326857
84,0,0,0,0,0,0,0,0,0,0,0,0,0,0,0,0,2,0,0,3,0,0,4,0,0,0,0,0,3,0,0,0.0,141852808.38488862,24194837.490209892,0.019740755085089625,0.0,0.0
85,0,0,0,0,0,0,0,0,1,0,0,0,0,0,0,0,2,0,0,0,0,0,2,0,0,0,0,0,2,0,0,0.0,117701251.40356107,50149782.191952236,0.050314149141011025,0.0,0.0
86,0,0,0,0,0,0,0,0,0,0,0,0,0,0,0,0,2,0,0,2,0,0,0,0,1,0,0,0,1,0,0,0.0,125410120.6220943,32824604.96425433,0.03367245554477411,97695844.75323379,0.21458662990893032
87,0,0,0,0,0,0,0,0,0,0,0,0,0,0,0,0,0,0,3,0,0,0,0,0,0,0,0,0,0,0,0,0.0,42291505.65437629,194204898.38000146,0.18186991929786023,101310378.33804667,0.21931747637019047
88,0,0,0,0,0,0,0,0,0,0,0,0,0,0,0,0,2,0,0,4,0,0,0,0,0,0,0,0,1,0,0,0.0,115650990.9234867,5751576.308814926,0.003401147941253474,118089186.47363785,0.2586083221474885
89,0,0,0,0,0,0,0,0,0,0,0,0,0,0,0,0,2,0,0,3,0,0,4,0,0,1,0,0,3,0,0,0.0,148173608.69455487,16300689.164739802,0.015128934683195417,0.0,0.0
90,0,0,0,0,0,0,0,0,0,0,0,0,0,0,0,0,2,0,0,1,0,0,1,0,0,2,0,0,2,0,0,0.0,130709923.00336385,29664789.842063747,0.034950189231855514,56337993.68036014,0.12427857470432382
91,0,0,0,0,0,0,0,0,0,0,0,0,0,0,0,0,2,0,0,2,0,0,0,0,1,0,0,0,2,0,0,0.0,127951136.50357582,26184954.509541094,0.026268404449744452,97695844.75323379,0.21458662990893032
92,0,0,0,0,0,0,0,0,1,0,0,0,0,0,0,1,2,0,0,0,0,0,2,0,0,2,0,0,2,0,0,1172.2139000289162,125033331.62308285,36418015.32380872,0.015149759943849931,0.0,0.0
93,0,0,0,0,0,0,0,0,0,0,0,0,0,0,0,0,2,0,0,0,4,0,0,0,0,1,0,0,1,0,0,0.0,121971791.23315296,20443029.48319827,0.023566629557674464,117642747.41466597,0.2568381982614314
94,0,0,0,0,0,0,0,0,0,0,0,0,0,0,0,0,2,0,0,3,0,0,4,0,0,2,0,0,3,0,0,0.0,149184888.60441038,12997184.504644152,0.013007735306195234,0.0,0.0
95,0,0,0,0,0,0,0,0,0,0,0,0,0,0,0,0,2,0,0,4,0,0,1,0,0,2,0,0,2,0,0,0.0,145823374.65181068,0.0,0.0,56909161.31242566,0.12654324543181394
96,0,0,0,0,0,0,0,0,0,0,0,0,0,0,0,0,0,0,0,2,0,0,0,0,0,0,0,0,0,0,0,0.0,42818415.6714978,198650984.21047354,0.16903416690707954,93590632.85870892,0.20232723931062713
97,0,0,0,0,0,0,0,0,0,0,0,0,0,0,0,2,2,0,0,1,0,0,0,2,0,1,0,0,2,0,0,3962.845277703321,131567173.66499138,31511802.013112076,0.005424113810914325,51914479.573937155,0.017072953707774546
98,0,0,0,0,0,0,1,1,0,0,0,0,0,0,0,2,2,0,0,0,0,0,0,0,0,2,0,0,2,0,0,2362.5370069710334,133565513.4242791,28904351.40324523,0.004982827057922648,18412420.51047058,0.005967161209865337
99,0,0,0,0,0,0,0,0,0,0,0,0,0,0,0,0,2,0,0,3,0,0,3,0,0,2,0,0,3,0,0,0.0,146979541.51346534,12997184.504644152,0.013007735306195234,14637214.934292817,0.033014822885377625
100,0,0,0,0,0,0,0,0,0,0,0,0,0,0,0,0,2,0,0,2,0,0,1,0,0,2,0,0,2,0,0,0.0,135283216.7230976,17727875.87964562,0.021208032894809284,56909161.31242566,0.12654324543181394
101,0,0,0,0,0,0,0,0,0,0,0,0,0,0,0,0,2,0,0,1,0,0,2,0,0,3,0,0,2,0,0,0.0,133699781.05193318,29664789.842063747,0.034950189231855514,19112709.940119565,0.04255771136774624
102,0,0,0,0,0,0,0,0,1,0,0,0,0,0,0,0,2,0,0,0,0,0,2,0,0,3,0,0,2,0,0,0.0,126154659.10016912,36418015.32380872,0.042082666510694255,0.0,0.0
103,0,0,0,0,0,0,0,0,0,0,0,0,0,0,0,0,2,0,0,3,0,0,4,0,0,3,0,0,3,0,0,0.0,150306216.08149666,7738394.018296385,0.009390106584587226,0.0,0.0
104,0,0,0,0,0,0,0,0,0,0,0,0,0,0,0,1,2,0,0,4,0,0,0,0,1,3,0,0,1,0,0,2810.8121195412946,144403686.24741542,6639650.4547132375,0.002665458394210677,97695844.75323379,0.0772511867672149
105,0,0,0,0,0,0,0,0,0,0,0,0,0,0,0,1,2,0,0,4,0,0,0,0,1,1,0,0,1,0,0,2847.5626891621177,142271078.86047363,7563156.540237403,0.0028833609055738743,97695844.75323379,0.0772511867672149
106,0,0,0,0,0,0,0,0,0,0,0,0,0,0,0,0,2,0,0,0,3,0,0,0,0,1,0,0,0,0,0,0.0,91418703.10986844,46655414.297137894,0.05300752708866021,117642747.41466597,0.2568381982614314
107,0,0,0,0,0,0,0,0,1,0,0,0,0,0,0,0,2,0,0,0,0,0,1,0,0,1,0,0,2,0,0,0.0,122153521.14174426,39188533.58038122,0.04389852077205424,18762565.225295074,0.04116939305009091
108,0,0,0,0,0,0,0,0,0,0,0,0,0,0,0,0,2,0,0,4,0,0,0,0,1,0,0,0,2,0,0,0.0,138491294.4322889,8457078.629895478,0.005060371554935168,97695844.75323379,0.21458662990893032
109,0,0,0,0,0,0,0,0,0,0,0,0,0,0,0,0,2,0,0,2,0,0,2,0,0,2,0,0,3,0,0,0.0,139925043.3693054,20038370.243196405,0.022817658017448967,33749924.87441238,0.07557253425312387
110,0,0,0,0,0,0,0,0,0,0,0,0,0,0,0,0,2,0,0,4,0,0,2,0,0,3,0,0,3,0,0,0.0,151586528.77510476,0.0,0.0,33749924.87441238,0.07557253425312387
111,0,0,0,0,0,0,0,0,0,0,0,0,0,0,0,2,2,0,0,2,0,0,4,0,0,2,0,0,3,0,0,1081.794710173097,144160604.71280807,20038370.243196405,0.003422648702617345,0.0,0.0
112,0,0,0,0,0,0,0,0,0,0,0,0,0,0,0,0,2,0,0,3,0,0,0,3,0,0,0,0,3,0,0,0.0,139647461.29394355,20626548.4358437,0.017424254898673316,49121205.447407834,0.10821265597274791
113,0,0,0,0,0,0,0,0,0,0,0,0,0,0,0,0,2,0,0,4,0,0,4,0,0,2,0,0,3,0,0,0.0,154700762.64152116,5404633.387547232,0.003775261488023209,0.0,0.0
114,0,0,0,0,0,0,0,0,0,0,0,0,0,0,0,0,2,0,0,4,0,0,1,0,0,1,0,0,2,0,0,0.0,144812094.74195516,2770518.256572495,0.0018158542613599792,56909161.31242566,0.12654324543181394
115,0,0,0,0,0,0,0,0,0,0,0,0,0,0,0,1,2,0,0,1,0,0,2,0,0,2,0,0,2,0,0,1443.3526381232136,132578453.57484691,29664789.842063747,0.012582068123467984,19112709.940119565,0.015320776092388647
116,0,0,0,0,0,0,0,0,0,0,0,0,0,0,0,0,2,0,0,3,0,0,3,0,0,1,0,0,3,0,0,0.0,145968261.6036098,16300689.164739802,0.015128934683195417,14637214.934292817,0.033014822885377625
117,0,0,0,0,0,0,0,0,0,0,0,0,0,0,0,0,2,0,0,3,0,0,0,1,0,0,0,0,2,0,0,0.0,132975420.39517812,18900974.969272416,0.01610970175320409,77302503.03282973,0.17056493767037212
118,0,0,0,0,0,0,0,0,0,0,0,0,0,0,0,1,0,0,2,0,0,0,0,0,0,0,0,1,0,0,0,5789.235930291414,43576003.54676832,192287706.27706316,0.06506503319427927,101310378.33804667,0.07895429149326857
119,0,0,0,0,0,0,0,0,0,0,0,0,0,0,0,0,2,0,0,4,0,0,2,0,0,2,0,0,3,0,0,0.0,150465201.2980185,2310494.363550788,0.0016096251226396837,33749924.87441238,0.07557253425312387
120,0,0,0,0,0,0,0,1,0,0,0,0,0,0,0,0,2,0,0,0,0,0,0,0,0,1,0,0,2,0,0,0.0,101854233.51442356,39188533.58038122,0.04389852077205424,45663926.82712058,0.09942863144549847
121,0,0,0,0,0,0,0,0,0,0,0,0,0,0,0,0,2,0,0,0,1,0,0,0,0,1,0,0,0,0,0,0.0,81821125.49853238,61273011.5129828,0.07004758218683908,117261968.99328896,0.255328417776438
122,0,0,0,0,0,0,0,0,0,0,0,0,0,0,0,1,2,0,0,4,0,0,0,1,0,1,0,0,2,0,0,2091.6474588034753,144812094.74195513,1847012.1710483301,0.0004358050227263949,77302503.03282973,0.06140337756133397
123,0,0,0,0,0,0,0,0,0,0,0,0,0,0,0,3,2,0,0,4,0,0,0,0,1,2,0,0,1,0,0,5797.299996553921,143282358.77032915,6639650.4547132375,0.0008884861314035588,97695844.75323379,0.025750395589071634
124,0,0,0,0,0,0,0,0,0,0,0,0,0,0,0,1,2,0,0,4,0,0,0,0,1,1,0,0,2,0,0,2599.409018777125,144812094.74195513,923506.0855241651,0.00021790251136319746,97695844.75323379,0.0772511867672149
125,0,0,0,0,0,0,0,0,0,0,0,0,0,0,0,0,2,0,0,4,0,0,0,0,1,0,0,0,1,0,0,0.0,135950278.5508074,15096729.084608715,0.012464422649964826,97695844.75323379,0.21458662990893032
126,0,0,0,0,0,0,0,0,0,0,0,0,0,0,0,0,2,0,0,4,0,0,3,0,0,2,0,0,3,0,0,0.0,152495415.55057612,5258790.4863477675,0.0036176287216080085,14637214.934292817,0.033014822885377625
127,0,0,0,0,0,0,0,0,0,0,0,0,0,0,0,0,2,0,0,3,0,0,0,0,1,2,0,0,1,0,0,0.0,137766484.73321837,14378044.473009624,0.016794157679616884,97695844.75323379,0.21458662990893032
128,0,0,0,0,0,0,0,0,0,0,0,0,0,0,0,0,2,0,0,3,0,0,0,1,0,1,0,0,2,0,0,0.0,139296220.70484436,9585406.189344715,0.010600676092160546,77302503.03282973,0.17056493767037212
129,0,0,0,0,0,0,0,0,0,0,0,0,0,0,0,0,2,0,0,2,0,0,0,1,0,0,0,0,2,0,0,0.0,127951136.50357582,28890456.830621645,0.02792762806342615,77302503.03282973,0.17056493767037212
130,0,0,0,0,0,0,0,0,0,0,0,0,0,0,0,0,2,0,0,1,0,0,0,1,0,1,0,0,2,0,0,0.0,129698643.09350832,31511802.013112076,0.03616075873942883,76731335.40076421,0.16830026694288203
